intToBits (10)
intToBits (10)
intToBits (100)
Vout <- vector(mode = "numeric", length = 2^6)
for (i in 1:2^6) {
Rout <- 1/sum(1/R[intToBits(i - 1) == 1])
}
Vout
Rout
short >- c(6, 6, 7, 7, 7, 8, 8, 9, 9, 9, 9, 9, 10, 10, 10, 10, 10, 10, 11, 11, 11, 11, 11, 11, 11, 12, 12, 12, 12, 13, 13, 13, 13, 13, 13, 13, 14, 14, 14, 14, 14, 14, 14, 15, 15, 15, 15, 15, 15, 15, 15, 16, 16, 16, 16, 16, 16, 17, 17, 17, 17, 17, 17, 18, 18, 18, 18, 18, 18, 18, 19, 19, 19, 19, 19, 19, 19, 19, 19, 19, 19, 20, 20, 20, 20, 20, 20, 20, 20, 20, 20, 20, 20, 21, 21, 21, 21, 22, 22, 22, 22, 22, 22, 22, 22, 22, 22, 22, 23, 23, 23, 23, 23, 24, 24, 24, 24, 24, 24, 24, 24, 24, 24, 25, 25, 25, 25, 25, 25, 26, 26, 26, 26, 26, 26, 27, 27, 27, 27, 27, 27, 27, 27, 27, 27, 28, 28, 28, 28, 28, 28, 28, 28, 29, 29, 29, 29, 29, 29, 29, 29, 29, 30, 30, 30, 30, 30, 30, 30, 30, 31, 31, 31, 31, 31, 31, 31, 32, 32, 32, 32, 32, 32, 33, 33, 33, 33, 33, 33, 33, 34, 34, 34, 34, 34, 34, 34, 34, 34, 35, 35, 35, 35, 35, 35, 35, 35, 36, 36, 36, 36, 36, 36, 37, 37, 37, 37, 37, 37, 37, 38, 38, 38, 38, 38, 38, 38, 38, 38, 38, 39, 39, 39, 39, 39, 39, 39, 39, 40, 40, 40, 41, 41, 41, 41, 41, 41, 41, 42, 42, 42, 43, 43, 43, 43, 43, 43, 43, 43, 43, 43, 44, 44, 44, 44, 44, 45, 45, 45, 45, 45, 45, 46, 46, 46, 46, 46, 46, 46, 47, 47, 47, 47, 47, 48, 48, 48, 49, 49, 49, 49, 49, 50, 50, 50, 51, 52, 52, 52, 52, 53, 53, 53, 53, 54, 54, 54, 54, 55, 55, 55, 56, 56, 57, 57, 58, 58, 59, 59, 60, 60, 61, 62, 62, 63, 64, 64, 65, 68, 68, 71, 72, 77, 79, 80, 81)
short <- c(6, 6, 7, 7, 7, 8, 8, 9, 9, 9, 9, 9, 10, 10, 10, 10, 10, 10, 11, 11, 11, 11, 11, 11, 11, 12, 12, 12, 12, 13, 13, 13, 13, 13, 13, 13, 14, 14, 14, 14, 14, 14, 14, 15, 15, 15, 15, 15, 15, 15, 15, 16, 16, 16, 16, 16, 16, 17, 17, 17, 17, 17, 17, 18, 18, 18, 18, 18, 18, 18, 19, 19, 19, 19, 19, 19, 19, 19, 19, 19, 19, 20, 20, 20, 20, 20, 20, 20, 20, 20, 20, 20, 20, 21, 21, 21, 21, 22, 22, 22, 22, 22, 22, 22, 22, 22, 22, 22, 23, 23, 23, 23, 23, 24, 24, 24, 24, 24, 24, 24, 24, 24, 24, 25, 25, 25, 25, 25, 25, 26, 26, 26, 26, 26, 26, 27, 27, 27, 27, 27, 27, 27, 27, 27, 27, 28, 28, 28, 28, 28, 28, 28, 28, 29, 29, 29, 29, 29, 29, 29, 29, 29, 30, 30, 30, 30, 30, 30, 30, 30, 31, 31, 31, 31, 31, 31, 31, 32, 32, 32, 32, 32, 32, 33, 33, 33, 33, 33, 33, 33, 34, 34, 34, 34, 34, 34, 34, 34, 34, 35, 35, 35, 35, 35, 35, 35, 35, 36, 36, 36, 36, 36, 36, 37, 37, 37, 37, 37, 37, 37, 38, 38, 38, 38, 38, 38, 38, 38, 38, 38, 39, 39, 39, 39, 39, 39, 39, 39, 40, 40, 40, 41, 41, 41, 41, 41, 41, 41, 42, 42, 42, 43, 43, 43, 43, 43, 43, 43, 43, 43, 43, 44, 44, 44, 44, 44, 45, 45, 45, 45, 45, 45, 46, 46, 46, 46, 46, 46, 46, 47, 47, 47, 47, 47, 48, 48, 48, 49, 49, 49, 49, 49, 50, 50, 50, 51, 52, 52, 52, 52, 53, 53, 53, 53, 54, 54, 54, 54, 55, 55, 55, 56, 56, 57, 57, 58, 58, 59, 59, 60, 60, 61, 62, 62, 63, 64, 64, 65, 68, 68, 71, 72, 77, 79, 80, 81)
long <- c(5, 5, 5, 6, 8, 9, 10, 11, 16, 17, 18, 18, 19, 21, 22, 22, 23, 23, 24, 24, 25, 27, 30, 30, 30, 30, 31, 31, 32, 32, 33, 33, 34, 34, 35, 35, 35, 35, 36, 36, 36, 36, 37, 37, 37, 37, 37, 38, 38, 38, 38, 38, 38, 38, 39, 39, 39, 40, 40, 40, 40, 40, 40, 40, 41, 41, 43, 43, 43, 43, 44, 44, 44, 44, 44, 44, 44, 44, 44, 45, 45, 45, 45, 46, 46, 46, 46, 46, 46, 46, 46, 47, 47, 47, 48, 48, 48, 48, 48, 48, 48, 48, 48, 48, 49, 49, 49, 49, 50, 50, 50, 50, 51, 51, 51, 51, 52, 52, 52, 52, 52, 52, 53, 53, 53, 53, 53, 54, 54, 54, 54, 54, 55, 55, 55, 56, 56, 56, 56, 56, 57, 57, 57, 57, 57, 57, 57, 58, 58, 58, 59, 59, 59, 59, 59, 60, 61, 61, 61, 62, 62, 62, 62, 62, 63, 63, 63, 63, 64, 64, 64, 64, 64, 64, 64, 64, 64, 65, 65, 65, 66, 66, 66, 66, 66, 66, 66, 67, 67, 67, 67, 67, 67, 67, 67, 67, 68, 68, 68, 68, 68, 68, 68, 69, 69, 70, 70, 70, 71, 71, 71, 71, 72, 72, 72, 72, 72, 72, 72, 73, 74, 74, 74, 75, 75, 75, 77, 78, 79, 79, 80, 80, 81, 81, 83, 83, 83, 85, 85, 86, 88, 88)
x <- 1:336
plot(x, short, type = "l", col = "2")
plot(x, short, type = "l", col = "2")
plot( short, type = "l", col = "2")
curve(long, add = T, col = "1")
par(new=T)
plot(long, type = "l", col = "3")
clear()
short <- c(6, 6, 7, 7, 7, 8, 8, 9, 9, 9, 9, 9, 10, 10, 10, 10, 10, 10, 11, 11, 11, 11, 11, 11, 11, 12, 12, 12, 12, 13, 13, 13, 13, 13, 13, 13, 14, 14, 14, 14, 14, 14, 14, 15, 15, 15, 15, 15, 15, 15, 15, 16, 16, 16, 16, 16, 16, 17, 17, 17, 17, 17, 17, 18, 18, 18, 18, 18, 18, 18, 19, 19, 19, 19, 19, 19, 19, 19, 19, 19, 19, 20, 20, 20, 20, 20, 20, 20, 20, 20, 20, 20, 20, 21, 21, 21, 21, 22, 22, 22, 22, 22, 22, 22, 22, 22, 22, 22, 23, 23, 23, 23, 23, 24, 24, 24, 24, 24, 24, 24, 24, 24, 24, 25, 25, 25, 25, 25, 25, 26, 26, 26, 26, 26, 26, 27, 27, 27, 27, 27, 27, 27, 27, 27, 27, 28, 28, 28, 28, 28, 28, 28, 28, 29, 29, 29, 29, 29, 29, 29, 29, 29, 30, 30, 30, 30, 30, 30, 30, 30, 31, 31, 31, 31, 31, 31, 31, 32, 32, 32, 32, 32, 32, 33, 33, 33, 33, 33, 33, 33, 34, 34, 34, 34, 34, 34, 34, 34, 34, 35, 35, 35, 35, 35, 35, 35, 35, 36, 36, 36, 36, 36, 36, 37, 37, 37, 37, 37, 37, 37, 38, 38, 38, 38, 38, 38, 38, 38, 38, 38, 39, 39, 39, 39, 39, 39, 39, 39, 40, 40, 40, 41, 41, 41, 41, 41, 41, 41, 42, 42, 42, 43, 43, 43, 43, 43, 43, 43, 43, 43, 43, 44, 44, 44, 44, 44, 45, 45, 45, 45, 45, 45, 46, 46, 46, 46, 46, 46, 46, 47, 47, 47, 47, 47, 48, 48, 48, 49, 49, 49, 49, 49, 50, 50, 50, 51, 52, 52, 52, 52, 53, 53, 53, 53, 54, 54, 54, 54, 55, 55, 55, 56, 56, 57, 57, 58, 58, 59, 59, 60, 60, 61, 62, 62, 63, 64, 64, 65, 68, 68, 71, 72, 77, 79, 80, 81)
long <- c(5, 5, 5, 6, 8, 9, 10, 11, 16, 17, 18, 18, 19, 21, 22, 22, 23, 23, 24, 24, 25, 27, 30, 30, 30, 30, 31, 31, 32, 32, 33, 33, 34, 34, 35, 35, 35, 35, 36, 36, 36, 36, 37, 37, 37, 37, 37, 38, 38, 38, 38, 38, 38, 38, 39, 39, 39, 40, 40, 40, 40, 40, 40, 40, 41, 41, 43, 43, 43, 43, 44, 44, 44, 44, 44, 44, 44, 44, 44, 45, 45, 45, 45, 46, 46, 46, 46, 46, 46, 46, 46, 47, 47, 47, 48, 48, 48, 48, 48, 48, 48, 48, 48, 48, 49, 49, 49, 49, 50, 50, 50, 50, 51, 51, 51, 51, 52, 52, 52, 52, 52, 52, 53, 53, 53, 53, 53, 54, 54, 54, 54, 54, 55, 55, 55, 56, 56, 56, 56, 56, 57, 57, 57, 57, 57, 57, 57, 58, 58, 58, 59, 59, 59, 59, 59, 60, 61, 61, 61, 62, 62, 62, 62, 62, 63, 63, 63, 63, 64, 64, 64, 64, 64, 64, 64, 64, 64, 65, 65, 65, 66, 66, 66, 66, 66, 66, 66, 67, 67, 67, 67, 67, 67, 67, 67, 67, 68, 68, 68, 68, 68, 68, 68, 69, 69, 70, 70, 70, 71, 71, 71, 71, 72, 72, 72, 72, 72, 72, 72, 73, 74, 74, 74, 75, 75, 75, 77, 78, 79, 79, 80, 80, 81, 81, 83, 83, 83, 85, 85, 86, 88, 88)
plot(short, type = "l", xlim = c(0,350), ylim = c(0,90) ,col = "2")
par(new=T)
plot(long, type = "l", xlim = c(0,350), ylim = c(0,90) ,col = "3")
hist(short, breaks=seq(0,1,0.05), main="Histogram", xlab="range", ylim=c(0,30), col="#993435")
hist(short,  main="Histogram", xlab="range", ylim=c(0,30), col="#993435")
hist(short,breaks=seq(0,90,5),  main="Histogram", xlab="range", ylim=c(0,30), col="#993435")
hist(short,breaks=seq(0,90,3),  main="Histogram", xlab="range", ylim=c(0,30), col="#993435")
hist(long,col = "#edae00", add = T)
hist(long,breaks=seq(0,90,3),  col = "#539952", add = T)
hist(short,breaks=seq(0,90,3),  main="Histogram", xlab="range", ylim=c(0,30), col="#993435")
hist(long,breaks=seq(0,90,3),  col = "#539952", add = T)
box()
hist(short,breaks=seq(0,90,3),  main="Histogram", xlab="range", ylim=c(0,30), col="#993435")
hist(long,breaks=seq(0,90,3),  col = "#53995250", add = T)
box()
hist(short,breaks=seq(0,90,3),  main="Histogram", xlab="range", ylim=c(0,30), col="#99343550")
hist(long,breaks=seq(0,90,3),  col = "#53995250", add = T)
box()
hist(short,breaks=seq(0,90,3),  main="Histogram", xlab="range", ylim=c(0,30), col="#99343550")
hist(long,breaks=seq(0,90,3),  col = "#53995250", add = T)
box()
hist(short,breaks=seq(0,90,3),  main="Histogram", xlab="range", ylim=c(0,30), col="#99343550")
hist(long,breaks=seq(0,90,3),  col = "#539952", add = T)
box()
hist(short,breaks=seq(0,90,3),  main="Histogram", xlab="range", ylim=c(0,30), col="#99343550")
lines(density(short), col = "orange", lwd = 2)
hist(long,breaks=seq(0,90,3),  col = "#53995250", add = T)
lines(density(x), col = "blue", lwd = 2)
box()
hist(short,breaks=seq(0,90,3),  main="Histogram", xlab="range", ylim=c(0,30), col="#99343550")
lines(density(short), col = "orange", lwd = 2)
hist(long,breaks=seq(0,90,3),  col = "#53995250", add = T)
lines(density(long), col = "blue", lwd = 2)
box()
hist(short,breaks=seq(0,90,3),  main="Histogram", xlab="range", ylim=c(0,30), col="#99343550")
hist(long,breaks=seq(0,90,3),  col = "#53995250", add = T)
box()
t.test(short)
t.test(long)
short <- c(1.2, 1.2, 1.4, 1.4, 1.4, 1.6, 1.6, 1.8, 1.8, 1.8, 1.8, 1.8, 2.0, 2.0, 2.0, 2.0, 2.0, 2.0, 2.2, 2.2, 2.2, 2.2, 2.2, 2.2, 2.2, 2.4, 2.4, 2.4, 2.4, 2.6, 2.6, 2.6, 2.6, 2.6, 2.6, 2.6, 2.8, 2.8, 2.8, 2.8, 2.8, 2.8, 2.8, 3.0, 3.0, 3.0, 3.0, 3.0, 3.0, 3.0, 3.0, 3.2, 3.2, 3.2, 3.2, 3.2, 3.2, 3.4, 3.4, 3.4, 3.4, 3.4, 3.4, 3.6, 3.6, 3.6, 3.6, 3.6, 3.6, 3.6, 3.8, 3.8, 3.8, 3.8, 3.8, 3.8, 3.8, 3.8, 3.8, 3.8, 3.8, 4.0, 4.0, 4.0, 4.0, 4.0, 4.0, 4.0, 4.0, 4.0, 4.0, 4.0, 4.0, 4.2, 4.2, 4.2, 4.2, 4.4, 4.4, 4.4, 4.4, 4.4, 4.4, 4.4, 4.4, 4.4, 4.4, 4.4, 4.6, 4.6, 4.6, 4.6, 4.6, 4.8, 4.8, 4.8, 4.8, 4.8, 4.8, 4.8, 4.8, 4.8, 4.8, 5.0, 5.0, 5.0, 5.0, 5.0, 5.0, 5.2, 5.2, 5.2, 5.2, 5.2, 5.2, 5.4, 5.4, 5.4, 5.4, 5.4, 5.4, 5.4, 5.4, 5.4, 5.4, 5.6, 5.6, 5.6, 5.6, 5.6, 5.6, 5.6, 5.6, 5.8, 5.8, 5.8, 5.8, 5.8, 5.8, 5.8, 5.8, 5.8, 6.0, 6.0, 6.0, 6.0, 6.0, 6.0, 6.0, 6.0, 6.2, 6.2, 6.2, 6.2, 6.2, 6.2, 6.2, 6.4, 6.4, 6.4, 6.4, 6.4, 6.4, 6.6, 6.6, 6.6, 6.6, 6.6, 6.6, 6.6, 6.8, 6.8, 6.8, 6.8, 6.8, 6.8, 6.8, 6.8, 6.8, 7.0, 7.0, 7.0, 7.0, 7.0, 7.0, 7.0, 7.0, 7.2, 7.2, 7.2, 7.2, 7.2, 7.2, 7.4, 7.4, 7.4, 7.4, 7.4, 7.4, 7.4, 7.6, 7.6, 7.6, 7.6, 7.6, 7.6, 7.6, 7.6, 7.6, 7.6, 7.8, 7.8, 7.8, 7.8, 7.8, 7.8, 7.8, 7.8, 8.0, 8.0, 8.0, 8.2, 8.2, 8.2, 8.2, 8.2, 8.2, 8.2, 8.4, 8.4, 8.4, 8.6, 8.6, 8.6, 8.6, 8.6, 8.6, 8.6, 8.6, 8.6, 8.6, 8.8, 8.8, 8.8, 8.8, 8.8, 9.0, 9.0, 9.0, 9.0, 9.0, 9.0, 9.2, 9.2, 9.2, 9.2, 9.2, 9.2, 9.2, 9.4, 9.4, 9.4, 9.4, 9.4, 9.6, 9.6, 9.6, 9.8, 9.8, 9.8, 9.8, 9.8, 10.0, 10.0, 10.0, 10.2, 10.4, 10.4, 10.4, 10.4, 10.6, 10.6, 10.6, 10.6, 10.8, 10.8, 10.8, 10.8, 11.0, 11.0, 11.0, 11.2, 11.2, 11.4, 11.4, 11.6, 11.6, 11.8, 11.8, 12.0, 12.0, 12.2, 12.4, 12.4, 12.6, 12.8, 12.8, 13.0, 13.6, 13.6, 14.2, 14.4, 15.4, 15.8, 16.0, 16.2)
long <-c(1.0, 1.0, 1.0, 1.2, 1.6, 1.8, 2.0, 2.2, 3.2, 3.4, 3.6, 3.6, 3.8, 4.2, 4.4, 4.4, 4.6, 4.6, 4.8, 4.8, 5.0, 5.4, 6.0, 6.0, 6.0, 6.0, 6.2, 6.2, 6.4, 6.4, 6.6, 6.6, 6.8, 6.8, 7.0, 7.0, 7.0, 7.0, 7.2, 7.2, 7.2, 7.2, 7.4, 7.4, 7.4, 7.4, 7.4, 7.6, 7.6, 7.6, 7.6, 7.6, 7.6, 7.6, 7.8, 7.8, 7.8, 8.0, 8.0, 8.0, 8.0, 8.0, 8.0, 8.0, 8.2, 8.2, 8.6, 8.6, 8.6, 8.6, 8.8, 8.8, 8.8, 8.8, 8.8, 8.8, 8.8, 8.8, 8.8, 9.0, 9.0, 9.0, 9.0, 9.2, 9.2, 9.2, 9.2, 9.2, 9.2, 9.2, 9.2, 9.4, 9.4, 9.4, 9.6, 9.6, 9.6, 9.6, 9.6, 9.6, 9.6, 9.6, 9.6, 9.6, 9.8, 9.8, 9.8, 9.8, 10.0, 10.0, 10.0, 10.0, 10.2, 10.2, 10.2, 10.2, 10.4, 10.4, 10.4, 10.4, 10.4, 10.4, 10.6, 10.6, 10.6, 10.6, 10.6, 10.8, 10.8, 10.8, 10.8, 10.8, 11.0, 11.0, 11.0, 11.2, 11.2, 11.2, 11.2, 11.2, 11.4, 11.4, 11.4, 11.4, 11.4, 11.4, 11.4, 11.6, 11.6, 11.6, 11.8, 11.8, 11.8, 11.8, 11.8, 12.0, 12.2, 12.2, 12.2, 12.4, 12.4, 12.4, 12.4, 12.4, 12.6, 12.6, 12.6, 12.6, 12.8, 12.8, 12.8, 12.8, 12.8, 12.8, 12.8, 12.8, 12.8, 13.0, 13.0, 13.0, 13.2, 13.2, 13.2, 13.2, 13.2, 13.2, 13.2, 13.4, 13.4, 13.4, 13.4, 13.4, 13.4, 13.4, 13.4, 13.4, 13.6, 13.6, 13.6, 13.6, 13.6, 13.6, 13.6, 13.8, 13.8, 14.0, 14.0, 14.0, 14.2, 14.2, 14.2, 14.2, 14.4, 14.4, 14.4, 14.4, 14.4, 14.4, 14.4, 14.6, 14.8, 14.8, 14.8, 15.0, 15.0, 15.0, 15.4, 15.6, 15.8, 15.8, 16.0, 16.0, 16.2, 16.2, 16.6, 16.6, 16.6, 17.0, 17.0, 17.2, 17.6, 17.6)
par(new=T)
t.test(short)
t.test(long)
short <- c(1.2, 1.2, 1.4, 1.4, 1.4, 1.6, 1.6, 1.8, 1.8, 1.8, 1.8, 1.8, 2.0, 2.0, 2.0, 2.0, 2.0, 2.0, 2.2, 2.2, 2.2, 2.2, 2.2, 2.2, 2.2, 2.4, 2.4, 2.4, 2.4, 2.6, 2.6, 2.6, 2.6, 2.6, 2.6, 2.6, 2.8, 2.8, 2.8, 2.8, 2.8, 2.8, 2.8, 3.0, 3.0, 3.0, 3.0, 3.0, 3.0, 3.0, 3.0, 3.2, 3.2, 3.2, 3.2, 3.2, 3.2, 3.4, 3.4, 3.4, 3.4, 3.4, 3.4, 3.6, 3.6, 3.6, 3.6, 3.6, 3.6, 3.6, 3.8, 3.8, 3.8, 3.8, 3.8, 3.8, 3.8, 3.8, 3.8, 3.8, 3.8, 4.0, 4.0, 4.0, 4.0, 4.0, 4.0, 4.0, 4.0, 4.0, 4.0, 4.0, 4.0, 4.2, 4.2, 4.2, 4.2, 4.4, 4.4, 4.4, 4.4, 4.4, 4.4, 4.4, 4.4, 4.4, 4.4, 4.4, 4.6, 4.6, 4.6, 4.6, 4.6, 4.8, 4.8, 4.8, 4.8, 4.8, 4.8, 4.8, 4.8, 4.8, 4.8, 5.0, 5.0, 5.0, 5.0, 5.0, 5.0, 5.2, 5.2, 5.2, 5.2, 5.2, 5.2, 5.4, 5.4, 5.4, 5.4, 5.4, 5.4, 5.4, 5.4, 5.4, 5.4, 5.6, 5.6, 5.6, 5.6, 5.6, 5.6, 5.6, 5.6, 5.8, 5.8, 5.8, 5.8, 5.8, 5.8, 5.8, 5.8, 6.0, 6.0, 6.0, 6.0, 6.0, 6.0, 6.0, 6.0, 6.2, 6.2, 6.2, 6.2, 6.2, 6.2, 6.2, 6.4, 6.4, 6.4, 6.4, 6.4, 6.4, 6.6, 6.6, 6.6, 6.6, 6.6, 6.6, 6.6, 6.8, 6.8, 6.8, 6.8, 6.8, 6.8, 6.8, 6.8, 6.8, 7.0, 7.0, 7.0, 7.0, 7.0, 7.0, 7.0, 7.0, 7.2, 7.2, 7.2, 7.2, 7.2, 7.2, 7.4, 7.4, 7.4, 7.4, 7.4, 7.4, 7.4, 7.6, 7.6, 7.6, 7.6, 7.6, 7.6, 7.6, 7.6, 7.6, 7.6, 7.8, 7.8, 7.8, 7.8, 7.8, 7.8, 7.8, 7.8, 8.0, 8.0, 8.0, 8.2, 8.2, 8.2, 8.2, 8.2, 8.2, 8.2, 8.4, 8.4, 8.4, 8.6, 8.6, 8.6, 8.6, 8.6, 8.6, 8.6, 8.6, 8.6, 8.6, 8.8, 8.8, 8.8, 8.8, 8.8, 9.0, 9.0, 9.0, 9.0, 9.0, 9.0, 9.2, 9.2, 9.2, 9.2, 9.2, 9.2, 9.2, 9.4, 9.4, 9.4, 9.4, 9.4, 9.6, 9.6, 9.6, 9.8, 9.8, 9.8, 9.8, 9.8, 10.0, 10.0, 10.0, 10.2, 10.4, 10.4, 10.4, 10.4, 10.6, 10.6, 10.6, 10.6, 10.8, 10.8, 10.8, 10.8, 11.0, 11.0, 11.0, 11.2, 11.2, 11.4, 11.4, 11.6, 11.6, 11.8, 11.8, 12.0, 12.0, 12.2, 12.4, 12.4, 12.6, 12.8, 12.8, 13.0, 13.6, 13.6, 14.2, 14.4, 15.4, 15.8, 16.0, 16.2)
long <-c(1.0, 1.0, 1.0, 1.2, 1.6, 1.8, 2.0, 2.2, 3.2, 3.4, 3.6, 3.6, 3.8, 4.2, 4.4, 4.4, 4.6, 4.8, 4.8, 5.0, 5.4, 6.0, 6.0, 6.0, 6.0, 6.2, 6.2, 6.4, 6.4, 6.6, 6.6, 6.8, 6.8, 7.0, 7.0, 7.0, 7.0, 7.2, 7.2, 7.2, 7.2, 7.4, 7.4, 7.4, 7.4, 7.4, 7.6, 7.6, 7.6, 7.6, 7.6, 7.6, 7.6, 7.8, 7.8, 7.8, 8.0, 8.0, 8.0, 8.0, 8.0, 8.0, 8.0, 8.2, 8.2, 8.6, 8.6, 8.6, 8.6, 8.8, 8.8, 8.8, 8.8, 8.8, 8.8, 8.8, 8.8, 8.8, 9.0, 9.0, 9.0, 9.0, 9.2, 9.2, 9.2, 9.2, 9.2, 9.2, 9.2, 9.2, 9.4, 9.4, 9.4, 9.6, 9.6, 9.6, 9.6, 9.6, 9.6, 9.6, 9.6, 9.6, 9.6, 9.8, 9.8, 9.8, 9.8, 10.0, 10.0, 10.0, 10.0, 10.2, 10.2, 10.2, 10.2, 10.4, 10.4, 10.4, 10.4, 10.4, 10.4, 10.6, 10.6, 10.6, 10.6, 10.6, 10.8, 10.8, 10.8, 10.8, 10.8, 11.0, 11.0, 11.0, 11.2, 11.2, 11.2, 11.2, 11.2, 11.4, 11.4, 11.4, 11.4, 11.4, 11.4, 11.4, 11.6, 11.6, 11.6, 11.8, 11.8, 11.8, 11.8, 11.8, 12.0, 12.2, 12.2, 12.2, 12.4, 12.4, 12.4, 12.4, 12.4, 12.6, 12.6, 12.6, 12.6, 12.8, 12.8, 12.8, 12.8, 12.8, 12.8, 12.8, 12.8, 12.8, 13.0, 13.0, 13.0, 13.2, 13.2, 13.2, 13.2, 13.2, 13.2, 13.4, 13.4, 13.4, 13.4, 13.4, 13.4, 13.4, 13.4, 13.4, 13.6, 13.6, 13.6, 13.6, 13.6, 13.6, 13.6, 13.8, 13.8, 14.0, 14.0, 14.0, 14.2, 14.2, 14.2, 14.2, 14.4, 14.4, 14.4, 14.4, 14.4, 14.4, 14.6, 14.8, 14.8, 14.8, 15.0, 15.0, 15.0, 15.4, 15.6, 15.8, 15.8, 16.0, 16.0, 16.2, 16.2, 16.6, 16.6, 16.6, 17.0, 17.2, 17.6, 17.6)
t.test(short)
t.test(long)
hist(short,breaks=seq(0,20,0.5),  main="Histogram", xlab="6 ~ 10週までの掲載順の平均", ylim=c(0,30), col="#99343550")
hist(long,breaks=seq(0,20,0.5),  col = "#53995250", add = T)
knitr::opts_chunk$set(echo = TRUE)
data.header <- as.matrix(read.table("data/MIDI0050.CSV",sep=",",nrow=20))
tdelt <- as.numeric(data.header[,2][data.header[,1]=="Delta(second)"])
wav.data <- read.table("data/MIDI0050.CSV",sep=",",skip=20)
x <- c(1:length(wav.data$V1))*tdelt
xlab <- "時刻[sec]"
ylab <- "電 圧[V]"
par(family="Osaka")
plot(x,wav.data$V2,type="l",xlab=xlab,ylab=ylab)
lines (x,wav.data$V1, type="l", col=3)
grid() ; box()
data.header <- as.matrix(read.table("data/MIDI0051.CSV",sep=",",nrow=20))
tdelt <- as.numeric(data.header[,2][data.header[,1]=="Delta(second)"])
wav.data <- read.table("data/MIDI0051.CSV",sep=",",skip=20)
x <- c(1:length(wav.data$V1))*tdelt
xlab <- "時刻[sec]"
ylab <- "電 圧[V]"
par(family="Osaka")
plot(x,wav.data$V2,type="l",xlab=xlab,ylab=ylab,ylim=c(0,5.05))
lines (x,wav.data$V1, type="l", col=3)
grid() ; box()
getwd()
setwd("/Users/hayashikippei/prog")
setwd("/Users/hayashikippei/prog")
setwd("/Users/hayashikippei/prog/Space Coconut Crab")
wav.data = read.table("zy_out.txt",header=TRUE,sep="z\t")
wav.data = read.table("zy_out.txt",header=TRUE,sep="\t")
View(wav.data)
View(wav.data)
wav.data$w
wav.data$e
wav.data = read.table("zy_out.csv",header=TRUE,sep="\t")
View(wav.data)
wav.data = read.text("zy_out.csv",header=TRUE,sep="\t")
wav.data = read.table("zy_out.txt",header=TRUE)
View(wav.data)
e <- wav.data$e
zy <- wav.data$cnt
e
z
zy
plot(y=zy,x=e)
wav.data2 <- read.table("xy_out.txt",header=TRUE)
e <- wav.data2$e
xy <- wav.data2$cnt
zy <- zy[1:106]
plot(e,zy,col="red")
plot(e,zy,col="red",type="l")
line(e,xy,col="blue")
lines(e,xy)
plot(e,zy,col="red",type="l",ylab="cnt")
lines(e,xy,add=T)
par(new=T)
par(new=T)
lines(e,xy)
plot(e,zy,type="l",col="red",ylim=c(0,1.0e+10))
par(new=T)
plot(e,xy,type="l",col="blue",ylim=c(0,1.0e+10))
plot(e,zy,type="l",col="red",ylim=c(0,1.0e+10),ylab="cnt",log="y")
plot(e,zy,type="l",col="red",ylab="cnt",log="y")
plot(e,xy,type="l",col="red",ylim=c(0,1.0e+10),ylab="cnt",log="y")
plot(e,zy,type="l",col="red",ylab="cnt",ylim=c(1.0e+4,1.0e+10))
plot(e,zy,type="l",col="red",ylab="cnt",ylim=c(1.0e+4,1.0e+10),ylog=T)
par(new=T)
plot(e,xy,type="l",col="blue",ylab="cnt",ylim=c(1.0e+4,1.0e+10),ylog=T)
plot(e,zy,type="l",col="red",ylab="cnt",ylim=c(1.0e+4,1.0e+10),log="xy")
